0.2565725414 0.3164556962
0.2828627069 0.2969814995
0.3111002921 0.2862706913
0.3437195716 0.2857838364
0.3748782863 0.2896786758
0.4060370010 0.2969814995
0.4352482960 0.3081791626
0.2872444012 0.3125608569
0.3169425511 0.3130477118
0.3471275560 0.3145082765
0.3753651412 0.3184031159
0.4036027264 0.3232716650
0.4313534567 0.3325219085
0.7327166504 0.3179162610
0.7078870497 0.2955209348
0.6791626095 0.2857838364
0.6455696203 0.2852969815
0.6139240506 0.2896786758
0.5803310613 0.2974683544
0.5530671860 0.3081791626
0.7025316456 0.3145082765
0.6708860759 0.3115871470
0.6421616358 0.3145082765
0.6148977605 0.3174294060
0.5851996105 0.3237585200
0.5579357352 0.3325219085
208
109
80
89
90
108
102
109
128
89
107
116
102
306
285
259
267
289
301
305
285
262
268
273
302
298
