0.2555988315 0.3154819864
0.2823758520 0.2964946446
0.3111002921 0.2901655307
0.3442064265 0.2896786758
0.3763388510 0.2921129503
0.4065238559 0.2989289192
0.4347614411 0.3086660175
0.2882181110 0.3111002921
0.3169425511 0.3106134372
0.3471275560 0.3140214216
0.3763388510 0.3179162610
0.4045764362 0.3227848101
0.4318403116 0.3300876339
0.7341772152 0.3154819864
0.7074001947 0.2955209348
0.6791626095 0.2887049659
0.6455696203 0.2887049659
0.6139240506 0.2916260954
0.5822784810 0.2989289192
0.5530671860 0.3086660175
0.7025316456 0.3115871470
0.6708860759 0.3111002921
0.6416747809 0.3140214216
0.6134371957 0.3169425511
0.5856864654 0.3232716650
0.5564751704 0.3296007790
208
109
80
89
108
116
102
81
80
89
107
116
102
283
285
259
268
289
273
305
258
262
267
273
302
305
