0.2555988315 0.3164556962
0.2828627069 0.2964946446
0.3130477118 0.2857838364
0.3446932814 0.2867575463
0.3758519961 0.2916260954
0.4074975657 0.2969814995
0.4342745862 0.3081791626
0.2887049659 0.3115871470
0.3179162610 0.3096397274
0.3471275560 0.3130477118
0.3758519961 0.3184031159
0.4040895813 0.3232716650
0.4303797468 0.3300876339
0.7341772152 0.3184031159
0.7069133398 0.2955209348
0.6781888997 0.2857838364
0.6455696203 0.2862706913
0.6134371957 0.2911392405
0.5813047712 0.2979552093
0.5530671860 0.3081791626
0.7020447907 0.3125608569
0.6708860759 0.3101265823
0.6411879260 0.3135345667
0.6153846154 0.3184031159
0.5856864654 0.3247322298
0.5569620253 0.3296007790
208
109
84
90
107
119
117
81
84
89
107
116
102
306
258
262
267
289
289
305
258
262
267
371
298
305
