0.2580331061 0.3174294060
0.2843232717 0.2999026290
0.3106134372 0.2872444012
0.3437195716 0.2862706913
0.3748782863 0.2891918208
0.4070107108 0.2960077897
0.4313534567 0.3115871470
0.2872444012 0.3106134372
0.3164556962 0.3106134372
0.3466407011 0.3145082765
0.3768257059 0.3213242454
0.4060370010 0.3320350536
0.4274586173 0.3291139241
0.7283349562 0.3164556962
0.7059396300 0.2969814995
0.6786757546 0.2872444012
0.6465433301 0.2852969815
0.6153846154 0.2882181110
0.5813047712 0.2969814995
0.5540408958 0.3096397274
0.7020447907 0.3106134372
0.6708860759 0.3096397274
0.6426484907 0.3145082765
0.6153846154 0.3203505355
0.5871470302 0.3300876339
0.5569620253 0.3339824732
206
81
80
89
90
120
102
109
80
89
190
98
102
306
258
259
268
293
297
298
258
262
268
371
373
305
