0.2565725414 0.3227848101
0.2823758520 0.2964946446
0.3120740019 0.2843232717
0.3437195716 0.2848101266
0.3748782863 0.2891918208
0.4060370010 0.2950340798
0.4337877313 0.3052580331
0.2896786758 0.3145082765
0.3174294060 0.3135345667
0.3476144109 0.3154819864
0.3768257059 0.3188899708
0.4040895813 0.3227848101
0.4313534567 0.3300876339
0.7341772152 0.3227848101
0.7093476144 0.2974683544
0.6811100292 0.2838364167
0.6480038948 0.2838364167
0.6158714703 0.2891918208
0.5832521908 0.2955209348
0.5535540409 0.3057448880
0.7015579357 0.3159688413
0.6713729309 0.3135345667
0.6426484907 0.3145082765
0.6148977605 0.3184031159
0.5861733204 0.3242453749
0.5559883155 0.3315481986
206
109
80
84
90
120
119
104
128
188
116
116
102
306
285
288
262
267
297
301
251
309
268
274
273
305
