0.2590068160 0.3179162610
0.2843232717 0.2964946446
0.3120740019 0.2848101266
0.3446932814 0.2833495618
0.3753651412 0.2891918208
0.4055501461 0.2969814995
0.4347614411 0.3111002921
0.2891918208 0.3154819864
0.3174294060 0.3125608569
0.3471275560 0.3135345667
0.3753651412 0.3169425511
0.4026290166 0.3237585200
0.4255111977 0.3349561831
0.7312560857 0.3184031159
0.7039922103 0.2955209348
0.6781888997 0.2848101266
0.6460564752 0.2843232717
0.6139240506 0.2887049659
0.5813047712 0.2974683544
0.5520934761 0.3101265823
0.7005842259 0.3159688413
0.6713729309 0.3125608569
0.6416747809 0.3120740019
0.6153846154 0.3164556962
0.5871470302 0.3242453749
0.5613437196 0.3339824732
206
81
80
114
90
108
102
103
80
89
107
135
98
306
258
262
268
297
297
300
307
262
267
311
273
299
