0.2570593963 0.3164556962
0.2828627069 0.2955209348
0.3120740019 0.2862706913
0.3432327167 0.2872444012
0.3743914314 0.2911392405
0.4055501461 0.2979552093
0.4352482960 0.3096397274
0.2877312561 0.3130477118
0.3169425511 0.3120740019
0.3476144109 0.3145082765
0.3758519961 0.3179162610
0.4045764362 0.3232716650
0.4323271665 0.3296007790
0.7332035054 0.3164556962
0.7074001947 0.2945472249
0.6791626095 0.2852969815
0.6455696203 0.2867575463
0.6148977605 0.2901655307
0.5813047712 0.2989289192
0.5540408958 0.3086660175
0.7015579357 0.3135345667
0.6713729309 0.3115871470
0.6421616358 0.3140214216
0.6148977605 0.3164556962
0.5851996105 0.3232716650
0.5564751704 0.3300876339
208
81
80
89
107
108
102
109
80
89
107
116
124
306
285
259
267
311
273
298
259
262
267
289
302
305
