0.2560856865 0.3174294060
0.2833495618 0.2960077897
0.3125608569 0.2891918208
0.3427458617 0.2911392405
0.3739045764 0.2940603700
0.4050632911 0.2999026290
0.4342745862 0.3125608569
0.2872444012 0.3135345667
0.3164556962 0.3115871470
0.3476144109 0.3145082765
0.3758519961 0.3174294060
0.4040895813 0.3232716650
0.4333008763 0.3271665044
0.7332035054 0.3174294060
0.7078870497 0.2960077897
0.6796494645 0.2882181110
0.6455696203 0.2901655307
0.6163583252 0.2921129503
0.5822784810 0.3008763389
0.5559883155 0.3106134372
0.7010710808 0.3125608569
0.6718597858 0.3106134372
0.6426484907 0.3135345667
0.6144109056 0.3154819864
0.5851996105 0.3222979552
0.5559883155 0.3271665044
208
81
80
89
107
116
102
109
80
89
107
116
124
306
285
259
268
311
273
298
258
262
268
289
302
305
