0.2551119766 0.3149951315
0.2823758520 0.2945472249
0.3115871470 0.2848101266
0.3432327167 0.2838364167
0.3748782863 0.2872444012
0.4060370010 0.2930866602
0.4357351509 0.3067185979
0.2872444012 0.3140214216
0.3164556962 0.3135345667
0.3461538462 0.3140214216
0.3753651412 0.3179162610
0.4040895813 0.3222979552
0.4294060370 0.3305744888
0.7332035054 0.3140214216
0.7069133398 0.2940603700
0.6801363194 0.2838364167
0.6470301850 0.2833495618
0.6153846154 0.2867575463
0.5813047712 0.2935735151
0.5511197663 0.3062317429
0.7030185005 0.3149951315
0.6718597858 0.3125608569
0.6436222006 0.3145082765
0.6148977605 0.3179162610
0.5856864654 0.3227848101
0.5574488802 0.3334956183
208
112
80
115
113
120
117
103
128
89
107
116
102
284
258
258
290
296
297
300
306
259
268
274
302
305
