0.2521908471 0.3145082765
0.2823758520 0.2940603700
0.3115871470 0.2862706913
0.3427458617 0.2843232717
0.3748782863 0.2862706913
0.4060370010 0.2901655307
0.4352482960 0.3067185979
0.2862706913 0.3154819864
0.3154819864 0.3145082765
0.3446932814 0.3135345667
0.3748782863 0.3174294060
0.4031158715 0.3213242454
0.4274586173 0.3291139241
0.7332035054 0.3125608569
0.7069133398 0.2950340798
0.6815968841 0.2852969815
0.6484907498 0.2833495618
0.6173320351 0.2852969815
0.5822784810 0.2901655307
0.5501460565 0.3057448880
0.7039922103 0.3154819864
0.6728334956 0.3125608569
0.6455696203 0.3145082765
0.6144109056 0.3184031159
0.5861733204 0.3213242454
0.5579357352 0.3339824732
208
112
80
84
113
120
117
103
128
89
107
116
102
284
258
258
290
296
297
300
306
259
268
274
273
245
