0.2570593963 0.3213242454
0.2823758520 0.2960077897
0.3125608569 0.2862706913
0.3417721519 0.2862706913
0.3758519961 0.2891918208
0.4070107108 0.2940603700
0.4381694255 0.3037974684
0.2891918208 0.3154819864
0.3174294060 0.3115871470
0.3466407011 0.3125608569
0.3758519961 0.3184031159
0.4060370010 0.3252190847
0.4323271665 0.3339824732
0.7341772152 0.3184031159
0.7088607595 0.2960077897
0.6854917235 0.2872444012
0.6494644596 0.2852969815
0.6202531646 0.2891918208
0.5822784810 0.2950340798
0.5569620253 0.3067185979
0.7030185005 0.3154819864
0.6728334956 0.3115871470
0.6426484907 0.3145082765
0.6153846154 0.3154819864
0.5842259007 0.3252190847
0.5598831548 0.3339824732
206
109
80
84
108
120
122
103
80
89
107
98
124
306
285
258
262
267
297
302
250
259
268
311
298
299
