0.2575462512 0.3184031159
0.2823758520 0.2955209348
0.3120740019 0.2848101266
0.3427458617 0.2848101266
0.3753651412 0.2887049659
0.4065238559 0.2950340798
0.4371957157 0.3052580331
0.2887049659 0.3140214216
0.3174294060 0.3120740019
0.3471275560 0.3135345667
0.3758519961 0.3184031159
0.4055501461 0.3242453749
0.4318403116 0.3330087634
0.7336903603 0.3169425511
0.7078870497 0.2945472249
0.6820837390 0.2848101266
0.6475170399 0.2843232717
0.6168451801 0.2887049659
0.5813047712 0.2960077897
0.5545277507 0.3067185979
0.7025316456 0.3149951315
0.6718597858 0.3120740019
0.6421616358 0.3145082765
0.6153846154 0.3164556962
0.5847127556 0.3247322298
0.5584225901 0.3334956183
206
109
80
84
113
120
122
103
80
89
107
135
124
306
285
258
262
267
297
301
250
259
268
311
298
299
