0.2551119766 0.3174294060
0.2833495618 0.2989289192
0.3106134372 0.2891918208
0.3437195716 0.2882181110
0.3748782863 0.2911392405
0.4060370010 0.2979552093
0.4342745862 0.3096397274
0.2862706913 0.3125608569
0.3164556962 0.3135345667
0.3466407011 0.3145082765
0.3748782863 0.3184031159
0.4021421616 0.3232716650
0.4313534567 0.3330087634
0.7322297955 0.3203505355
0.7088607595 0.2979552093
0.6796494645 0.2891918208
0.6455696203 0.2872444012
0.6144109056 0.2911392405
0.5803310613 0.2979552093
0.5540408958 0.3096397274
0.7030185005 0.3145082765
0.6708860759 0.3106134372
0.6426484907 0.3145082765
0.6144109056 0.3174294060
0.5851996105 0.3232716650
0.5589094450 0.3320350536
208
109
80
89
107
116
102
109
128
89
107
116
99
306
285
259
267
311
301
298
285
262
268
273
302
298
