0.2531645570 0.3154819864
0.2823758520 0.2979552093
0.3106134372 0.2969814995
0.3446932814 0.2960077897
0.3777994158 0.2960077897
0.4070107108 0.3018500487
0.4333008763 0.3106134372
0.2882181110 0.3096397274
0.3164556962 0.3086660175
0.3466407011 0.3135345667
0.3768257059 0.3174294060
0.4040895813 0.3222979552
0.4323271665 0.3281402142
0.7351509250 0.3154819864
0.7078870497 0.2979552093
0.6796494645 0.2950340798
0.6455696203 0.2940603700
0.6144109056 0.2950340798
0.5842259007 0.3008763389
0.5540408958 0.3106134372
0.7030185005 0.3086660175
0.6708860759 0.3096397274
0.6416747809 0.3135345667
0.6114897760 0.3164556962
0.5861733204 0.3222979552
0.5559883155 0.3261927945
208
109
80
89
108
117
102
81
80
89
108
116
102
283
285
259
268
289
273
298
258
262
267
273
273
305
