0.2570593963 0.3169425511
0.2818889971 0.2964946446
0.3120740019 0.2852969815
0.3442064265 0.2838364167
0.3758519961 0.2877312561
0.4065238559 0.2964946446
0.4318403116 0.3101265823
0.2877312561 0.3130477118
0.3174294060 0.3130477118
0.3476144109 0.3154819864
0.3739045764 0.3179162610
0.4060370010 0.3261927945
0.4289191821 0.3325219085
0.7336903603 0.3174294060
0.7074001947 0.2955209348
0.6786757546 0.2843232717
0.6460564752 0.2838364167
0.6144109056 0.2872444012
0.5817916261 0.2969814995
0.5564751704 0.3096397274
0.7025316456 0.3130477118
0.6708860759 0.3120740019
0.6426484907 0.3135345667
0.6134371957 0.3184031159
0.5856864654 0.3261927945
0.5589094450 0.3330087634
208
109
80
115
113
120
102
109
128
188
107
98
98
306
285
262
268
296
297
298
258
262
268
274
299
298
