0.2560856865 0.3184031159
0.2814021422 0.2979552093
0.3125608569 0.2872444012
0.3446932814 0.2843232717
0.3768257059 0.2872444012
0.4070107108 0.2969814995
0.4274586173 0.3135345667
0.2872444012 0.3135345667
0.3174294060 0.3135345667
0.3476144109 0.3164556962
0.3719571568 0.3174294060
0.4070107108 0.3291139241
0.4264849075 0.3330087634
0.7341772152 0.3193768257
0.7078870497 0.2979552093
0.6786757546 0.2862706913
0.6465433301 0.2843232717
0.6153846154 0.2862706913
0.5832521908 0.2969814995
0.5608568647 0.3125608569
0.7030185005 0.3115871470
0.6708860759 0.3115871470
0.6436222006 0.3125608569
0.6114897760 0.3193768257
0.5861733204 0.3281402142
0.5608568647 0.3330087634
208
109
80
90
113
117
102
109
128
188
107
98
98
306
285
259
262
296
297
298
258
262
268
274
373
299
