0.2531645570 0.3174294060
0.2833495618 0.2979552093
0.3145082765 0.2882181110
0.3456669912 0.2901655307
0.3768257059 0.2950340798
0.4089581305 0.2979552093
0.4323271665 0.3096397274
0.2891918208 0.3106134372
0.3184031159 0.3067185979
0.3466407011 0.3115871470
0.3758519961 0.3184031159
0.4031158715 0.3232716650
0.4294060370 0.3281402142
0.7351509250 0.3213242454
0.7069133398 0.2979552093
0.6777020448 0.2891918208
0.6455696203 0.2891918208
0.6134371957 0.2940603700
0.5822784810 0.2989289192
0.5540408958 0.3096397274
0.7020447907 0.3106134372
0.6708860759 0.3076923077
0.6407010711 0.3125608569
0.6153846154 0.3193768257
0.5861733204 0.3252190847
0.5569620253 0.3261927945
208
109
84
90
108
117
102
81
84
89
107
116
102
306
285
259
268
289
273
298
258
262
267
371
373
298
