0.2580331061 0.3164556962
0.2833495618 0.2974683544
0.3111002921 0.2852969815
0.3437195716 0.2848101266
0.3748782863 0.2887049659
0.4065238559 0.2960077897
0.4337877313 0.3091528724
0.2877312561 0.3115871470
0.3169425511 0.3115871470
0.3471275560 0.3145082765
0.3763388510 0.3198636806
0.4055501461 0.3276533593
0.4294060370 0.3305744888
0.7307692308 0.3159688413
0.7064264849 0.2950340798
0.6786757546 0.2848101266
0.6460564752 0.2843232717
0.6144109056 0.2882181110
0.5808179163 0.2969814995
0.5530671860 0.3081791626
0.7020447907 0.3125608569
0.6708860759 0.3111002921
0.6421616358 0.3145082765
0.6153846154 0.3188899708
0.5861733204 0.3271665044
0.5569620253 0.3334956183
206
109
80
84
114
120
102
109
80
89
190
98
102
306
258
259
268
296
297
305
258
262
268
371
373
305
