0.2551119766 0.3300876339
0.2823758520 0.2979552093
0.3125608569 0.2852969815
0.3437195716 0.2862706913
0.3748782863 0.2901655307
0.4060370010 0.2940603700
0.4313534567 0.3037974684
0.2911392405 0.3164556962
0.3174294060 0.3145082765
0.3476144109 0.3164556962
0.3777994158 0.3193768257
0.4031158715 0.3222979552
0.4313534567 0.3281402142
0.7351509250 0.3300876339
0.7117818890 0.3018500487
0.6835443038 0.2852969815
0.6504381694 0.2843232717
0.6183057449 0.2901655307
0.5861733204 0.2940603700
0.5550146056 0.3047711782
0.7010710808 0.3174294060
0.6718597858 0.3145082765
0.6436222006 0.3145082765
0.6144109056 0.3193768257
0.5871470302 0.3242453749
0.5550146056 0.3300876339
206
109
84
89
107
120
119
104
128
188
135
116
102
306
285
258
262
267
297
301
251
307
268
274
273
305
