0.2599805258 0.3203505355
0.2862706913 0.2979552093
0.3125608569 0.2862706913
0.3456669912 0.2833495618
0.3758519961 0.2901655307
0.4050632911 0.2979552093
0.4333008763 0.3154819864
0.2901655307 0.3184031159
0.3174294060 0.3125608569
0.3466407011 0.3125608569
0.3748782863 0.3154819864
0.4001947420 0.3242453749
0.4196689387 0.3378773126
0.7293086660 0.3213242454
0.7010710808 0.2979552093
0.6777020448 0.2872444012
0.6465433301 0.2852969815
0.6144109056 0.2891918208
0.5822784810 0.2979552093
0.5520934761 0.3135345667
0.6991236611 0.3174294060
0.6718597858 0.3125608569
0.6416747809 0.3096397274
0.6153846154 0.3154819864
0.5890944499 0.3242453749
0.5657254138 0.3349561831
206
81
80
114
108
108
102
103
80
89
107
135
98
306
258
262
268
311
289
305
251
259
267
311
274
299
